rk = 0:7;
nk = [1028 3544 5023 3201 1867 734 604 383];
n = 7;
prk = nk/n;